1 11 1 0
1 12 1 0
1 13 1 0
2 21 1 0
2 22 1 0
2 23 1 0
3 31 1 0
3 32 1 0
3 33 1 0
4 41 1 0
4 42 1 0
4 43 1 0
5 51 1 0
5 52 1 0
5 53 1 0
6 61 1 0
6 62 1 0
6 63 1 0
7 71 1 0
7 72 1 0
7 73 1 0
8 81 1 0
8 82 1 0
8 83 1 0
9 91 1 0
9 92 1 0
9 93 1 0
10 1 1 0
10 2 1 0
10 3 1 0
11 11 1 0
11 12 1 0
11 13 1 0
12 21 1 0
12 22 1 0
12 23 1 0
13 31 1 0
13 32 1 0
13 33 1 0
14 41 1 0
14 42 1 0
14 43 1 0
15 51 1 0
15 52 1 0
15 53 1 0
16 61 1 0
16 62 1 0
16 63 1 0
17 71 1 0
17 72 1 0
17 73 1 0
18 81 1 0
18 82 1 0
18 83 1 0
19 91 1 0
19 92 1 0
19 93 1 0
20 1 1 0
20 2 1 0
20 3 1 0
21 11 1 0
21 12 1 0
21 13 1 0
22 21 1 0
22 22 1 0
22 23 1 0
23 31 1 0
23 32 1 0
23 33 1 0
24 41 1 0
24 42 1 0
24 43 1 0
25 51 1 0
25 52 1 0
25 53 1 0
26 61 1 0
26 62 1 0
26 63 1 0
27 71 1 0
27 72 1 0
27 73 1 0
28 81 1 0
28 82 1 0
28 83 1 0
29 91 1 0
29 92 1 0
29 93 1 0
30 1 1 0
30 2 1 0
30 3 1 0
31 11 1 0
31 12 1 0
31 13 1 0
32 21 1 0
32 22 1 0
32 23 1 0
33 31 1 0
33 32 1 0
33 33 1 0
34 41 1 0
34 42 1 0
34 43 1 0
35 51 1 0
35 52 1 0
35 53 1 0
36 61 1 0
36 62 1 0
36 63 1 0
37 71 1 0
37 72 1 0
37 73 1 0
38 81 1 0
38 82 1 0
38 83 1 0
39 91 1 0
39 92 1 0
39 93 1 0
40 1 1 0
40 2 1 0
40 3 1 0
41 11 1 0
41 12 1 0
41 13 1 0
42 21 1 0
42 22 1 0
42 23 1 0
43 31 1 0
43 32 1 0
43 33 1 0
44 41 1 0
44 42 1 0
44 43 1 0
45 51 1 0
45 52 1 0
45 53 1 0
46 61 1 0
46 62 1 0
46 63 1 0
47 71 1 0
47 72 1 0
47 73 1 0
48 81 1 0
48 82 1 0
48 83 1 0
49 91 1 0
49 92 1 0
49 93 1 0
50 1 1 0
50 2 1 0
50 3 1 0
51 11 1 0
51 12 1 0
51 13 1 0
52 21 1 0
52 22 1 0
52 23 1 0
53 31 1 0
53 32 1 0
53 33 1 0
54 41 1 0
54 42 1 0
54 43 1 0
55 51 1 0
55 52 1 0
55 53 1 0
56 61 1 0
56 62 1 0
56 63 1 0
57 71 1 0
57 72 1 0
57 73 1 0
58 81 1 0
58 82 1 0
58 83 1 0
59 91 1 0
59 92 1 0
59 93 1 0
60 1 1 0
60 2 1 0
60 3 1 0
61 11 1 0
61 12 1 0
61 13 1 0
62 21 1 0
62 22 1 0
62 23 1 0
63 31 1 0
63 32 1 0
63 33 1 0
64 41 1 0
64 42 1 0
64 43 1 0
65 51 1 0
65 52 1 0
65 53 1 0
66 61 1 0
66 62 1 0
66 63 1 0
67 71 1 0
67 72 1 0
67 73 1 0
68 81 1 0
68 82 1 0
68 83 1 0
69 91 1 0
69 92 1 0
69 93 1 0
70 1 1 0
70 2 1 0
70 3 1 0
71 11 1 0
71 12 1 0
71 13 1 0
72 21 1 0
72 22 1 0
72 23 1 0
73 31 1 0
73 32 1 0
73 33 1 0
74 41 1 0
74 42 1 0
74 43 1 0
75 51 1 0
75 52 1 0
75 53 1 0
76 61 1 0
76 62 1 0
76 63 1 0
77 71 1 0
77 72 1 0
77 73 1 0
78 81 1 0
78 82 1 0
78 83 1 0
79 91 1 0
79 92 1 0
79 93 1 0
80 1 1 0
80 2 1 0
80 3 1 0
81 11 1 0
81 12 1 0
81 13 1 0
82 21 1 0
82 22 1 0
82 23 1 0
83 31 1 0
83 32 1 0
83 33 1 0
84 41 1 0
84 42 1 0
84 43 1 0
85 51 1 0
85 52 1 0
85 53 1 0
86 61 1 0
86 62 1 0
86 63 1 0
87 71 1 0
87 72 1 0
87 73 1 0
88 81 1 0
88 82 1 0
88 83 1 0
89 91 1 0
89 92 1 0
89 93 1 0
90 1 1 0
90 2 1 0
90 3 1 0
91 11 1 0
91 12 1 0
91 13 1 0
92 21 1 0
92 22 1 0
92 23 1 0
93 31 1 0
93 32 1 0
93 33 1 0
94 41 1 0
94 42 1 0
94 43 1 0
95 51 1 0
95 52 1 0
95 53 1 0
96 61 1 0
96 62 1 0
96 63 1 0
97 71 1 0
97 72 1 0
97 73 1 0
98 81 1 0
98 82 1 0
98 83 1 0
99 91 1 0
99 92 1 0
99 93 1 0
100 1 1 0
100 2 1 0
100 3 1 0